4294967279,68
4294967279,67
4294967279,66
4294967279,65
4294967279,64
4294967279,78
4294967279,77
4294967279,76
4294967279,75
4294967279,74
4294967279,73
4294967279,72
4294967279,71
4294967279,70
4294967279,69
211,4
211,3
211,2
211,1
4294967279,176
8,125
8,4
78,10
78,4
78,8
78,5
36,21
36,4
4294967279,92
4294967279,91
4294967279,90
4294967279,89
4294967279,87
4294967279,86
4294967279,85
4294967279,84
4294967279,83
4294967279,82
4294967279,81
4294967279,80
4294967279,79
4294967294,1603
4294967278,279
4294967294,1602
4294967294,1591
4294967294,418
4294967294,397
4294967278,307
4294967279,415
4294967279,414
4294967279,398
4294967279,118
4294967279,117
4294967279,116
4294967279,112
4294967279,111
4294967279,110
4294967279,109
4294967279,108
4294967279,107
4294967279,106
4294967279,105
4294967279,104
4294967279,103
4294967279,102
4294967279,101
4294967279,100
4294967279,99
4294967279,98
4294967279,97
4294967279,96
4294967279,95
4294967279,94
4294967279,93
4294967294,1595
4294967294,1599
4294967294,1598
4294967294,1597
4294967294,1601
4294967278,394
4294967294,1593
4294967294,408
4294967294,0
4294967294,1600
4294967294,1589
4294967294,1568
4294967278,140
4294967278,393
4294967294,1586
4294967278,139
4294967294,1596
4294967278,138
4294967278,134
4294967278,538
4294967278,537
4294967279,289
4294967294,1582
4294967294,425
4294967294,468
4294967294,449
4294967294,160
4294967294,1026
4294967294,162
4294967278,280
4294967278,264
4294967278,263
4294967278,536
4294967278,278
4294967278,262
4294967294,1583
4294967294,1579
4294967294,1566
4294967278,257
4294967279,306
4294967279,305
4294967294,1594
4294967279,304
4294967279,388
4294967279,399
4294967279,400
4294967279,303
4294967279,302
4294967294,1592
4294967279,255
4294967279,386
4294967279,254
4294967278,535
4294967278,534
4294967278,533
4294967294,1590
4294967294,465
4294967294,391
4294967294,459
4294967278,532
4294967294,1584
4294967278,251
4294967279,248
4294967279,315
4294967294,187
4294967279,246
4294967294,1024
4294967294,176
4294967294,982
4294967279,115
4294967279,238
4294967294,1540
4294967279,114
4294967279,237
4294967279,236
4294967279,393
4294967279,113
4294967294,457
4294967294,1588
4294967278,164
4294967279,387
4294967294,175
4294967294,110
4294967294,116
4294967279,128
4294967279,127
4294967279,126
4294967279,125
4294967279,124
4294967279,123
4294967279,122
4294967279,121
4294967279,120
4294967279,119
108,5
36,11
80,5
4294967278,26
4294967278,25
4294967278,24
4294967278,23
4294967278,22
4294967278,21
4294967278,20
4294967278,283
4294967278,15
4294967278,14
4294967278,13
4294967278,12
4294967278,11
4294967278,10
4294967278,9
4294967278,8
4294967278,7
4294967278,6
4294967278,5
4294967278,4
4294967279,132
4294967279,131
4294967279,130
4294967279,129
4294967278,178
4294967279,173
4294967279,171
4294967279,170
4294967279,168
4294967279,167
4294967278,308
4294967279,165
4294967278,163
4294967278,162
4294967278,161
4294967278,160
4294967278,159
4294967278,158
4294967278,157
4294967278,153
4294967278,147
4294967278,146
4294967278,145
4294967278,144
4294967278,143
4294967278,142
4294967279,137
4294967278,19
4294967278,271
4294967278,273
4294967278,18
4294967278,531
4294967278,270
4294967294,173
4294967294,985
4294967294,163
4294967294,970
4294967278,17
4294967278,269
4294967278,16
120,3
4294967278,309
4294967294,1444
121,3
4294967294,454
4294967294,451
123,3
122,3
118,3
4294967279,295
4294967279,511
115,3
114,3
4294967279,510
89,3
60,3
4294967279,509
45,3
31,3
4294967279,508
4294967279,507
116,3
112,3
4294967294,1587
4294967294,1585
4294967294,450
4294967279,404
4294967279,506
66,3
46,3
4294967279,505
4294967279,134
4294967278,530
4294967294,1577
4294967278,529
102,3
101,3
99,3
98,3
97,3
103,3
93,3
91,3
4294967279,504
90,3
4294967278,296
4294967294,1456
4294967294,398
4294967294,404
4294967294,119
4294967294,164
4294967294,1031
4294967278,528
75,3
76,3
4294967294,1554
4294967279,503
119,3
69,3
4294967294,1578
4294967279,502
70,3
67,3
4294967294,1565
4294967278,527
4294967278,286
4294967294,1581
58,3
54,3
53,3
4294967294,113
4294967294,180
4294967294,1575
4294967294,1580
4294967294,1574
65,3
47,3
4294967279,501
4294967279,500
113,3
4294967279,499
4294967294,419
4294967294,981
4294967294,412
4294967294,184
4294967294,108
4294967294,393
4294967278,285
4294967294,1570
4294967294,980
4294967294,983
4294967294,976
4294967278,201
4294967294,469
4294967294,455
4294967294,1041
4294967294,115
4294967294,488
44,3
21,3
20,3
18,3
16,3
10,3
3,3
4294967294,1538
22,3
19,3
17,3
4294967294,1576
4294967294,479
11,3
14,3
4294967294,390
13,3
4294967294,470
4294967294,12
74,9
22,5
79,5
80,4
110,8
110,4
110,5
4294967278,42
4294967278,40
4294967278,39
4294967278,38
4294967278,37
4294967278,32
4294967278,31
4294967278,30
4294967278,29
4294967278,28
4294967278,27
36,1
74,6
8,1
74,8
74,4
74,5
4294967294,107
4294967294,485
4294967294,1571
4294967278,36
4294967278,277
4294967278,156
4294967278,43
4294967278,155
4294967278,154
4294967278,41
4294967278,152
4294967278,148
4294967278,151
210,7
210,6
4294967278,150
210,5
4294967279,150
210,4
4294967278,149
210,3
210,2
210,1
4294967279,149
4294967278,35
4294967278,306
4294967294,1436
4294967294,1017
4294967294,988
4294967294,167
4294967294,151
4294967294,410
4294967294,191
4294967294,414
4294967278,34
4294967279,409
4294967278,33
4294967279,145
4294967279,144
209,5
4294967279,139
209,4
209,3
209,2
209,1
4294967279,279
4294967294,387
4294967279,283
4294967294,1572
4294967279,391
208,12
208,11
208,10
208,9
4294967279,269
208,8
208,7
208,6
208,5
208,4
208,3
208,2
208,1
4294967279,308
4294967278,287
4294967278,50
4294967278,385
4294967278,49
4294967278,48
4294967279,498
4294967278,47
4294967278,46
4294967278,45
4294967278,44
4294967278,2
4294967279,319
4294967279,58
4294967279,55
4294967279,294
4294967279,53
4294967279,52
4294967279,50
4294967279,47
4294967279,45
4294967279,43
4294967279,41
4294967279,39
4294967279,34
4294967279,32
4294967279,29
4294967279,24
4294967279,22
4294967279,20
4294967279,18
4294967279,15
4294967279,12
4294967278,526
4294967294,1457
4294967278,243
4294967278,245
4294967279,497
4294967279,390
4294967279,291
4294967278,525
4294967278,227
4294967279,496
4294967278,524
4294967294,1573
4294967294,1027
4294967294,161
4294967294,422
4294967278,523
4294967278,522
4294967278,521
4294967278,202
4294967278,196
4294967278,520
4294967278,190
4294967279,288
4294967279,495
4294967278,519
203,5
4294967278,184
203,4
203,3
203,2
203,1
4294967279,494
4294967278,518
4294967278,165
202,5
4294967279,166
202,4
202,3
202,2
202,1
4294967278,517
4294967279,493
4294967279,40
4294967279,49
4294967279,492
4294967279,48
4294967279,160
4294967279,159
4294967279,292
4294967279,155
4294967279,154
201,5
201,4
201,3
201,2
201,1
4294967279,411
4294967278,516
4294967279,28
4294967279,38
4294967279,401
4294967279,88
4294967279,37
4294967278,515
4294967279,148
4294967279,491
4294967278,514
4294967279,146
4294967279,33
4294967279,290
200,6
200,5
200,4
4294967279,141
200,3
200,2
200,1
4294967279,16
4294967294,1425
4294967294,1429
4294967278,513
4294967279,26
4294967279,138
4294967279,490
4294967278,512
4294967278,88
4294967279,25
4294967279,278
4294967279,136
4294967294,16
4294967279,23
4294967279,276
4294967279,21
4294967279,282
4294967279,274
199,7
199,6
4294967279,273
199,5
199,4
199,3
199,2
199,1
4294967294,1433
4294967294,476
4294967279,489
4294967279,14
4294967279,287
4294967279,268
4294967279,267
4294967279,266
4294967279,265
4294967279,389
198,11
198,10
198,9
198,8
198,7
198,6
198,5
198,4
198,3
198,2
198,1
4294967294,15
4294967294,1441
4294967279,488
4294967278,239
4294967294,1462
4294967279,487
4294967294,39
4294967279,486
4294967278,234
4294967278,232
4294967279,485
4294967278,224
4294967294,40
4294967294,38
4294967294,42
4294967294,36
4294967294,395
4294967294,972
4294967294,29
4294967294,186
4294967294,1021
4294967294,179
4294967294,407
4294967294,385
4294967294,421
4294967294,384
4294967294,1020
